0 27 0.4256
0 28 0.40146
0 52 0.43737
0 58 0.4027
1 3 0.71316
1 7 0.71784
1 30 0.48355
2 27 0.48878
2 28 0.5049
2 32 0.53039
2 34 0.42384
2 35 0.72122
2 44 0.53208
2 56 0.64074
2 71 0.53039
2 72 0.72122
2 74 0.49283
2 77 0.52667
3 7 0.40217
3 27 0.41059
3 30 0.80845
4 13 0.88786
4 16 0.49756
4 19 0.49534
4 22 0.85157
4 23 0.47392
4 24 0.59303
4 27 0.40473
4 36 0.71942
4 38 0.47033
4 39 0.44974
4 59 0.47565
4 60 0.55854
4 62 0.61314
4 64 0.61158
4 78 0.44796
5 27 0.43337
5 28 0.41071
5 52 0.44266
5 56 0.40547
5 58 0.42276
6 24 0.30124
6 62 0.28935
8 31 0.41662
8 43 0.45533
8 68 0.6866
9 10 0.33296
9 17 0.41366
9 21 0.42928
9 24 0.40455
9 27 0.7389
9 28 0.69529
9 29 0.50242
9 32 0.44201
9 33 0.6847
9 37 0.76732
9 41 0.48753
9 42 0.53834
9 44 0.49018
9 50 0.43345
9 52 0.7944
9 56 0.75989
9 57 0.55044
9 58 0.8147
9 59 0.48626
9 65 0.55289
9 66 0.86889
9 69 0.4693
9 70 0.92194
9 74 0.52579
9 75 0.51983
9 77 0.50407
9 78 0.57265
10 27 0.2274
11 15 0.61959
11 25 0.64014
11 27 0.25373
11 61 0.73326
11 76 0.77387
12 67 0.77387
13 16 0.40217
13 22 0.87964
13 24 0.44494
13 38 0.41737
13 62 0.44623
13 64 0.46754
14 52 0.43833
14 68 0.41387
15 27 0.29963
15 47 0.54856
16 22 0.60347
16 24 0.40559
16 62 0.40099
17 27 0.4503
17 28 0.41387
17 52 0.46339
18 68 0.40146
19 22 0.44211
19 23 0.50962
19 24 0.83251
19 27 0.41874
19 38 0.648
19 41 0.40748
19 53 0.21025
19 59 0.54925
19 60 0.75628
19 62 0.80514
19 63 0.46412
19 78 0.51713
19 79 0.52693
20 55 0.71784
20 74 0.2962
22 64 0.41151
24 38 0.47905
24 59 0.45803
24 60 0.54771
24 62 0.60582
24 78 0.41728
24 79 0.40857
25 47 0.59307
26 52 0.64912
27 28 0.60582
27 33 0.42705
27 35 0.40577
27 37 0.44496
27 48 0.16933
27 52 0.54796
27 54 0.21082
27 56 0.45072
27 58 0.49397
27 66 0.49461
27 70 0.49301
27 72 0.40577
28 32 0.40437
28 33 0.46988
28 35 0.47232
28 37 0.46808
28 56 0.49301
28 58 0.45972
28 70 0.47794
28 72 0.47232
29 33 0.4784
29 37 0.4946
29 50 0.77387
29 52 0.66542
29 56 0.57916
29 58 0.58186
29 65 0.45239
29 66 0.41436
29 70 0.57459
29 74 0.45328
30 65 0.47033
32 34 0.42384
32 35 0.72122
32 44 0.53208
32 52 0.6011
32 56 0.64074
32 58 0.43924
32 70 0.43637
32 71 0.53039
32 72 0.72122
32 74 0.49283
32 77 0.52667
33 37 0.68144
33 44 0.48045
33 50 0.41768
33 52 0.77963
33 56 0.75368
33 57 0.50243
33 58 0.67661
33 65 0.53802
33 66 0.5105
33 69 0.40026
33 70 0.70941
33 74 0.52294
33 77 0.4901
33 78 0.5058
34 74 0.44391
35 44 0.66923
35 52 0.73462
35 56 0.88921
35 71 0.73296
35 72 0.93639
35 74 0.55849
35 77 0.63655
37 38 0.40862
37 41 0.56283
37 42 0.64637
37 44 0.58093
37 50 0.49756
37 52 0.87291
37 56 0.88786
37 57 0.60125
37 58 0.7995
37 59 0.51548
37 65 0.54856
37 66 0.59307
37 69 0.51096
37 70 0.85898
37 74 0.6077
37 75 0.6134
37 77 0.60815
37 78 0.58417
38 41 0.56558
38 53 0.19691
38 57 0.57948
38 58 0.4033
38 59 0.73767
38 60 0.87964
38 62 0.85898
38 63 0.50924
38 64 0.40376
38 67 0.48378
38 78 0.66007
38 79 0.5588
40 74 0.47033
41 52 0.51746
41 57 0.46608
41 58 0.46625
41 59 0.54231
41 60 0.50117
41 62 0.57168
41 70 0.45495
41 78 0.46159
42 52 0.42788
43 45 0.33871
43 52 0.49153
43 68 0.57007
44 52 0.58971
44 56 0.5152
44 58 0.44876
44 70 0.446
44 71 0.42767
44 72 0.54946
44 74 0.53915
44 77 0.53208
45 52 0.2259
46 63 0.48355
46 79 0.71316
48 52 0.16761
49 52 0.37619
49 68 0.38021
50 52 0.69644
50 56 0.60914
50 58 0.5729
50 65 0.44003
50 66 0.40706
50 70 0.57739
50 74 0.42581
51 58 0.25533
51 70 0.25323
52 56 0.55989
52 58 0.49296
52 65 0.41014
52 66 0.43359
52 70 0.51568
52 72 0.54731
52 74 0.46282
52 77 0.45151
52 78 0.40968
54 62 0.2043
54 73 0.54466
55 74 0.26483
56 57 0.45533
56 58 0.63875
56 65 0.49885
56 66 0.46967
56 70 0.66797
56 71 0.71428
56 72 0.93579
56 74 0.54856
56 77 0.62001
56 78 0.46215
57 58 0.59979
57 59 0.77387
57 60 0.62626
57 62 0.65589
57 65 0.41436
57 66 0.40542
57 67 0.47195
57 70 0.57916
57 74 0.40189
57 75 0.64446
57 78 0.73326
58 65 0.40207
58 66 0.68533
58 70 0.73767
58 74 0.41552
59 60 0.77743
59 62 0.802
59 65 0.40706
59 67 0.5015
59 70 0.60914
59 75 0.48756
59 78 0.77387
60 62 0.88786
60 63 0.52899
60 78 0.56763
60 79 0.61083
61 76 0.71784
62 63 0.62635
62 78 0.43558
62 79 0.65778
63 79 0.96086
66 70 0.96086
70 74 0.44834
70 78 0.45839
71 72 0.72122
71 74 0.49283
71 77 0.52667
72 74 0.55849
72 77 0.63655
