0 1 0.41076
0 9 0.8786
0 13 0.88983
2 8 0.69883
2 9 0.82822
2 12 0.80868
2 19 0.54996
2 26 0.25186
2 27 0.48337
3 19 0.75867
3 28 0.91217
4 10 0.73555
4 14 0.38878
4 18 0.17244
4 30 0.72643
5 11 0.20155
5 22 0.59696
5 23 0.80166
6 9 0.8457
6 11 0.21243
6 14 0.38354
6 18 0.1633
6 22 0.62246
6 31 0.62745
7 10 0.84141
7 12 0.91317
7 15 0.80072
7 24 0.79161
7 32 0.78777
8 30 0.83803
9 25 0.76927
9 31 0.83519
12 15 0.73338
12 29 0.7807
12 32 0.81715
13 25 0.83519
14 17 0.75867
16 21 0.75594
16 32 0.83809
18 20 0.75867
19 23 0.4577
19 26 0.38661
19 28 0.80166
21 32 0.95883
24 29 0.99062
