0 8 0.00499
0 10 0.0061
0 1 0.02732
0 2 0.07065
0 5 0.2019
0 9 0.15724
0 10 0.02352
0 11 0.01357
1 4 0.03337
1 7 0.0037
1 5 0.03688
1 6 0.60653
1 7 0.01005
1 9 0.7788
1 9 0.00499
2 3 0.00552
2 7 0.00499
2 11 0.02472
2 11 0.00708
2 5 0.00499
2 11 0.0043
2 3 0.01111
2 7 0.01657
2 9 0.02352
2 10 0.02472
3 4 0.74082
3 5 0.67032
3 8 0.00823
3 10 0.01357
3 7 0.04076
3 11 0.01111
3 4 0.00318
4 9 0.70469
4 5 0.01657
4 11 0.00499
4 5 0.01111
4 7 0.00499
4 7 0.00352
4 8 0.01228
5 9 0.03175
5 11 0.01357
5 9 0.03877
5 8 0.01228
5 9 0.63763
5 10 0.01357
6 8 0.01738
6 9 0.00823
6 10 0.00865
7 11 0.0058
8 11 0.01832
8 9 0.00674
8 11 0.03508
10 10 0.05234
10 11 0.00745
